Accuracy: 0.5939
              precision    recall  f1-score   support

           0       0.26      0.05      0.08       171
           1       0.60      0.98      0.74       909
           2       0.00      0.00      0.00        93
           3       0.00      0.00      0.00        43
           4       0.00      0.00      0.00       217
           5       0.00      0.00      0.00        44
           6       0.00      0.00      0.00        35

    accuracy                           0.59      1512
   macro avg       0.12      0.15      0.12      1512
weighted avg       0.39      0.59      0.46      1512
