Accuracy: 0.0207
              precision    recall  f1-score   support

           0       0.04      0.05      0.04        21
           1       0.33      0.01      0.02       123
           2       0.17      0.07      0.10        15
           3       0.03      0.12      0.05         8
           4       0.00      0.00      0.00        22
           5       0.00      0.00      0.00         1
           6       0.00      0.00      0.00         3

    accuracy                           0.02       193
   macro avg       0.08      0.04      0.03       193
weighted avg       0.23      0.02      0.02       193
