Accuracy: 0.8290
              precision    recall  f1-score   support

           0       0.67      0.67      0.67        21
           1       0.91      0.97      0.94       123
           2       0.80      0.80      0.80        15
           3       0.00      0.00      0.00         8
           4       0.55      0.55      0.55        22
           5       0.00      0.00      0.00         1
           6       1.00      1.00      1.00         3

    accuracy                           0.83       193
   macro avg       0.56      0.57      0.56       193
weighted avg       0.79      0.83      0.81       193
