Accuracy: 0.1263
              precision    recall  f1-score   support

           0       0.42      0.03      0.05       171
           1       0.69      0.12      0.21       909
           2       0.07      0.44      0.12        93
           3       0.04      0.56      0.07        43
           4       0.38      0.04      0.07       217
           5       0.01      0.02      0.01        44
           6       0.17      0.03      0.05        35

    accuracy                           0.13      1512
   macro avg       0.25      0.18      0.08      1512
weighted avg       0.52      0.13      0.15      1512
