Accuracy: 0.1343
              precision    recall  f1-score   support

           0       0.13      0.27      0.18       171
           1       0.57      0.15      0.24       909
           2       0.00      0.00      0.00        93
           3       0.01      0.16      0.02        43
           4       0.00      0.00      0.00       217
           5       0.00      0.00      0.00        44
           6       0.04      0.37      0.07        35

    accuracy                           0.13      1512
   macro avg       0.11      0.14      0.07      1512
weighted avg       0.36      0.13      0.17      1512
