Accuracy: 0.8342
              precision    recall  f1-score   support

           0       0.78      0.67      0.72        21
           1       0.93      0.97      0.95       123
           2       0.80      0.53      0.64        15
           3       0.30      0.38      0.33         8
           4       0.59      0.59      0.59        22
           5       0.50      1.00      0.67         1
           6       1.00      1.00      1.00         3

    accuracy                           0.83       193
   macro avg       0.70      0.73      0.70       193
weighted avg       0.84      0.83      0.83       193
