Accuracy: 0.1124
              precision    recall  f1-score   support

           0       0.14      0.49      0.22       171
           1       0.63      0.06      0.10       909
           2       0.07      0.11      0.08        93
           3       0.04      0.26      0.06        43
           4       0.00      0.00      0.00       217
           5       0.04      0.34      0.07        44
           6       0.00      0.00      0.00        35

    accuracy                           0.11      1512
   macro avg       0.13      0.18      0.08      1512
weighted avg       0.40      0.11      0.10      1512
