Accuracy: 0.3221
              precision    recall  f1-score   support

           0       0.12      0.37      0.18       171
           1       0.61      0.45      0.52       909
           2       0.09      0.10      0.09        93
           3       0.00      0.00      0.00        43
           4       0.33      0.00      0.01       217
           5       0.00      0.00      0.00        44
           6       0.05      0.20      0.07        35

    accuracy                           0.32      1512
   macro avg       0.17      0.16      0.12      1512
weighted avg       0.44      0.32      0.34      1512
