Accuracy: 0.3750
              precision    recall  f1-score   support

           0       0.00      0.00      0.00       171
           1       0.61      0.57      0.59       909
           2       0.06      0.18      0.09        93
           3       0.00      0.00      0.00        43
           4       0.21      0.12      0.15       217
           5       0.05      0.20      0.08        44
           6       0.01      0.03      0.02        35

    accuracy                           0.38      1512
   macro avg       0.13      0.16      0.13      1512
weighted avg       0.40      0.38      0.38      1512
