Accuracy: 0.0501
              precision    recall  f1-score   support

           0       0.14      0.14      0.14      1327
           1       1.00      0.00      0.00      2495
           2       0.02      0.00      0.00       975
           3       0.04      0.28      0.07       374
           4       0.10      0.01      0.01       660
           5       0.00      0.00      0.00        91
           6       0.02      0.33      0.04       104
           7       0.02      0.32      0.04       165
           8       0.41      0.01      0.03      2047

    accuracy                           0.05      8238
   macro avg       0.20      0.12      0.04      8238
weighted avg       0.44      0.05      0.04      8238
