Accuracy: 0.1214
              precision    recall  f1-score   support

           0       0.09      0.01      0.02       904
           1       0.64      0.18      0.28      2575
           2       0.07      0.06      0.07       665
           3       0.04      0.36      0.07       173
           4       0.12      0.04      0.06       525
           5       0.00      0.00      0.00        48
           6       0.02      0.08      0.03        51
           7       0.03      0.07      0.04       126
           8       0.00      1.00      0.00         0

    accuracy                           0.12      5067
   macro avg       0.11      0.20      0.06      5067
weighted avg       0.36      0.12      0.17      5067
