Accuracy: 0.0997
              precision    recall  f1-score   support

           0       0.13      0.00      0.00       904
           1       0.43      0.15      0.22      2575
           2       0.10      0.03      0.04       665
           3       0.03      0.32      0.05       173
           4       0.13      0.03      0.05       525
           5       0.01      0.04      0.02        48
           6       0.01      0.20      0.03        51
           7       0.01      0.09      0.02       126
           8       0.00      1.00      0.00         0

    accuracy                           0.10      5067
   macro avg       0.10      0.21      0.05      5067
weighted avg       0.27      0.10      0.13      5067
